lr0: 0.01124
lrf: 0.07262
momentum: 0.91692
weight_decay: 0.00037
warmup_epochs: 2.0079
warmup_momentum: 0.86771
warmup_bias_lr: 0.06006
box: 0.08192
cls: 0.51556
cls_pw: 0.72204
obj: 1.15692
obj_pw: 1.25783
iou_t: 0.2
anchor_t: 3.60718
fl_gamma: 0.0
hsv_h: 0.01723
hsv_s: 0.36332
hsv_v: 0.62152
degrees: 0.0
translate: 0.14065
scale: 0.78667
shear: 0.0
perspective: 0.0
flipud: 0.0
fliplr: 0.5
mosaic: 0.71496
mixup: 0.0
copy_paste: 0.0
anchors: 3.07733
